51.531951985733 0.0037377856069111
51.52852551818 0.0053318072586749
51.508757812012 -0.26341579231596
51.532233992929 -0.2438947288224
51.503071476856 -0.2802882961706
51.494370746332 -0.26772251965492
51.495181971972 -0.25451016527384
51.514342387502 -0.075612503707184
51.517598273919 -0.082235212309326
51.515081631079 -0.072987053548915
51.519587792346 -0.059406074587337
51.510476925464 -0.012610477634
51.507588072081 -0.017261086484836
51.541209310632 -0.2995013414547
51.526834054645 -0.28491450496891
51.674129392062 -0.60649933056891
51.667907547721 -0.56105332039672
51.412516725364 -0.065122723194277
51.396954330829 -0.075195484483074
51.532968028132 -0.10556703413728
51.525581481862 -0.087608545343845
51.565490550156 -0.13510715160572
51.556440814333 -0.13772775294192
51.616230157665 -0.13425577761924
51.63237586338 -0.12775560097809
51.558541388156 -0.10548551071377
51.564635458062 -0.10586706135916
51.523129639184 -0.15688978273689
51.513797542631 -0.14959920109132
51.51999806318 -0.1676538436008
51.52378881305 -0.14394701338886
51.52381069054 -0.14532999904559
51.443182580239 -0.15267077683302
51.435838083172 -0.15968610811001
51.513347072699 -0.088985715325045
51.504674357597 -0.085991192281661
51.51130016173 -0.056904799137598
51.520215295016 -0.097707167852645
51.520195700647 -0.10482865117184
51.518437149414 -0.08900327764505
51.539521102884 0.0808460268962
51.538405634701 0.10154616057314
51.585850602534 0.088491071171579
51.59610953153 0.090607714208087
51.490228707652 -0.21341574380466
51.491356695274 -0.19429940765557
51.490109387233 -0.20618929345907
51.512111310915 -0.18788716574986
51.509375359878 -0.1959072111467
51.515393806532 -0.17572234283505
51.508900786453 0.054836346093653
51.508526572883 0.063855162939039
51.539585393148 0.12689470862039
51.541211772284 0.14769413756505
51.550190897304 -0.1639600723677
51.544149104848 -0.15371865256093
51.497960787629 -0.064315686265478
51.498168417556 -0.05079271714472
51.527191747482 -0.055377698622437
51.525310973905 -0.032651671918221
51.511586939902 -0.10298097717171
51.512091761163 -0.094183249527509
51.585776631411 -0.039611280026926
51.583018115291 -0.019926114372123
51.581546193899 -0.0238295131434
51.507831540895 -0.0072207589795153
51.508684006054 -0.0023559243798497
51.506760501463 -0.14246316907526
51.515223419245 -0.14082176208955
51.501048880447 -0.094182918403389
51.495849394281 -0.10072431173602
51.495765574642 -0.32473278589022
51.500491708619 -0.31505041439224
51.607031935983 -0.12416262739225
51.527615205643 -0.020485486059214
51.522258469272 -0.017993342742124
51.527041809222 -0.024345177705763
51.52484020109 -0.01166796209473
51.576599240756 -0.21332141198154
51.572215556655 -0.19482013198437
51.462736815606 -0.11453770490964
51.472159270341 -0.12283190859196
51.464749666688 -0.03773385721419
51.450648245652 -0.044138732242293
51.475264932486 -0.039514655295107
51.545262386773 -0.20282406710345
51.547474356007 -0.19111216622603
51.540325391085 -0.21045952961905
51.626576654655 0.046726985755
51.641570470369 0.055293528321119
51.602551943784 -0.26431627556888
51.595230546294 -0.25027310932225
51.645544206307 -0.38470709118099
51.652653752213 -0.39168227690127
51.547885455043 -0.11834644235876
51.55281611672 -0.11292127587712
51.543284589046 -0.11519043865212
51.546495518926 -0.10406772078143
51.541851250779 -0.13918869492503
51.539969369251 -0.14243796405007
51.528664346375 -0.13328205840994
51.534362233874 -0.1387299346061
51.503578406232 -0.019452434600173
51.493266862158 -0.047515585346921
51.503386571015 -0.021939126563571
51.500255151591 0.0036006636371896
51.513870285695 0.0083200415480822
51.509055232332 0.017979819853408
51.502884431544 0.022260451989289
51.511362099463 -0.090236118885105
51.510630425959 -0.086173905918798
51.548188396024 -0.092559776199295
51.546093724339 -0.07497978585502
51.548667827094 -0.076212502172009
51.607650605221 -0.29437715826231
51.593883010111 -0.28631716346916
51.628186764519 -0.38581487914664
51.654265989674 -0.51831947385278
51.518494029809 -0.11194761724718
51.51483530739 -0.097556591574387
51.508358644804 -0.12478853109718
51.507312509276 -0.12235292981979
51.705380095434 -0.61141518839627
51.617857862487 0.076193656688014
51.616956440142 0.044040648415103
51.640323072212 -0.47367013575456
51.4618036863 -0.13830051012379
51.452676506748 -0.1479696801021
51.465469529402 -0.13245010905033
51.470223218762 -0.13902328072857
51.464916230409 -0.12989566953588
51.583133074092 -0.2267197095034
51.418759208995 -0.17740072104762
51.41536073293 -0.19196016848772
51.512760249622 -0.1244924862088
51.517235749261 -0.11982609759457
51.495839980525 -0.014918409980624
51.491236186648 -0.014945543221677
51.571327111387 -0.11711885796196
51.57714590447 -0.098202962998489
51.647005333911 -0.44158934771671
51.657605146891 -0.41725555293253
51.509622053058 0.025786917726712
51.509434545079 0.033502981448267
51.481944468688 -0.01056746798363
51.477547665535 -0.014848686252722
51.509034130657 0.071789801687878
51.544187318113 0.16584784999223
51.549124559422 0.19726710182967
51.538684738939 -0.075580841462924
51.547257451286 -0.055575092639468
51.645491990883 0.083815925291538
51.672552069981 0.10290519530392
51.468200650033 -0.090973475173744
51.474476774061 -0.022038032405853
51.468372191483 -0.016801981736488
51.518883939693 -0.015199388573999
51.551850619529 -0.23878334100376
51.549373313232 -0.22239318421442
51.51486201146 -0.30199597251937
51.510248690463 -0.28713701041592
51.494499579725 -0.18352915689619
51.500729468384 -0.19155165303998
51.516263444214 -0.2480978154307
51.512232464701 -0.22461752326457
51.576551871493 -0.39680887105797
51.575396777398 -0.371046385824
51.573451624726 -0.41283492710738
51.587332564437 -0.16472945405368
51.57764663481 -0.14692043327249
51.539246158049 0.051530710126145
51.458879808899 -0.21098384278422
51.467865362703 -0.20935102262327
51.614229655466 -0.27507922607818
51.520645381678 -0.17052514070378
51.522396687994 -0.16347815242029
51.488662470707 -0.10505621257104
51.554355082156 0.21894141805997
51.464880714235 -0.012418307529155
51.51104062071 -0.11371134239066
51.503146653078 -0.11324484659974
51.530312476892 -0.12385771561154
51.541476868984 -0.1783567825076
51.524580005085 -0.13826391949985
51.528664346375 -0.13328205840994
51.602845314928 0.094122987217226
51.600903273752 -0.19320620063466
51.547096220268 -0.18003614128656
51.543034867714 -0.17561218648329
51.550119520279 -0.18363678247277
51.555199944256 -0.16455176144825
51.570747151453 -0.095670549505162
51.583362168372 -0.0724523920649
51.439308318386 -0.053314119078799
51.427341258001 -0.055074289357489
51.480260927016 -0.19552976561085
51.487328938205 -0.19552441152812
51.514376621471 0.061539705886513
51.576552943422 0.066098526398209
51.575638344309 0.090317586010402
51.494071386411 -0.17390862058942
51.556542616677 -0.17800013773286
51.502076993967 -0.22738960127533
51.493483379174 -0.22462575515926
51.505880735504 -0.22738608723774
51.520613125487 -0.13479327927061
51.51621088565 -0.13109602942553
51.555405311264 -0.15128661069808
51.546547987029 -0.14674199079293
51.563623319983 -0.12909493917319
51.613480413753 0.092286969949084
51.541980112836 -0.34586432267848
51.536341860358 -0.32305600630537
51.509696764476 -0.13369718974012
51.501401606172 -0.12498767440679
51.491863444709 -0.27514973411264
51.499685861011 -0.27020080333496
51.546595450822 -0.038497927971748
51.543558409072 -0.025245084630728
51.541692579295 -0.0037372234417709
51.531391621283 -0.075571232880956
51.491819802914 -0.22284652701972
51.530072069094 -0.29298173181915
51.523432458806 -0.25971511616691
51.536258358843 -0.25748125850322
51.54398658738 -0.27538602336732
51.580402594532 -0.071841526783666
51.592594673236 -0.33423825163137
51.602499669538 -0.35689307782418
51.581496322037 -0.31520243664979
51.579388159582 -0.33698708805734
51.5785087266 -0.31818496289702
51.578924280955 -0.35383226807134
51.609828548789 -0.36916434211502
51.466685355642 -0.42336616986103
51.45978048411 -0.44771519861354
51.473105762632 -0.38569323300198
51.47128945567 -0.45239283063262
51.470025485584 -0.49063310869077
51.500863608239 -0.018446287979256
51.651688276705 -0.19415092780429
51.63024674119 -0.17933981753571
51.55377757066 -0.44988357245777
51.560825107127 -0.44156508942605
51.546454564696 -0.47708714109832
51.523013052867 -0.12457578611157
51.507146508744 -0.20654337129402
51.557718771685 0.23455631120919
51.470925810282 -0.36594373417825
51.473707937461 -0.35526092596841
51.481216852781 -0.3520816978192
51.523466827911 -0.077073012851082
51.502584030904 -0.15245970877887
51.57216197222 -0.42122049909957
51.474938948929 -0.18282310826897
51.464366804651 -0.17030060907001
51.487950088882 -0.010478902499309
51.481412613811 -0.11330667730935
51.530524241234 -0.22469897011847
51.534312675201 -0.20478373421795
51.53421509119 -0.22080656353585
51.497879724483 -0.21036483866639
51.550009538423 -0.14045684366827
51.571044486824 -0.30812855062663
51.476789170755 -0.28536661446493
51.546944459981 -0.20461829997264
51.537267764059 -0.19109868962017
51.535135560206 -0.19395164168612
51.529995078969 -0.18541823310956
51.502008599189 0.062220618931645
51.489907107526 0.069208307647642
51.584876550714 -0.27858717715014
51.563322491915 -0.27922812839087
51.501354916808 -0.16065008131194
51.517210698742 -0.21018376269161
51.513958124663 -0.21744525733064
51.520988865484 -0.20086810419124
51.499129959063 -0.11175385704735
51.511890964101 -0.17541552045722
51.513965510738 -0.15855680746603
51.509658221839 -0.2244582012666
51.511291196842 -0.12822773962177
51.55813227051 -0.0064509088011814
51.568522287449 0.009154878018083
51.569364239801 -0.0080519210997184
51.563807342647 0.0082688934065806
51.580891270601 0.021478357761873
51.574902145755 0.028774900468403
51.551778074703 0.026404363778733
51.512312167848 -0.039365669438682
51.509638150617 -0.026308729670621
51.50368965775 0.047887121033287
51.523104457076 -0.18293888140664
51.590358146027 -0.1027906082273
51.608316669912 -0.20988127429344
51.510394282129 -0.076686790760475
51.629930718133 -0.4328985822977
51.611213662308 -0.42382334746562
51.554627747213 -0.25010062378951
51.517770184208 -0.28064276561988
51.517622323819 -0.28897914280262
51.501644057917 -0.30702584019952
51.584631342978 -0.3626185623764
51.548212945697 -0.36842617615208
51.562396328364 -0.30393379535805
51.551864816194 -0.29637790641578
51.572103763883 -0.29495758553154
51.600802695129 -0.40929692189409
51.592361724428 -0.38120935690424
51.378552186111 -0.1020199266263
51.510449255439 -0.18740549543317
51.64763797617 -0.1318390886991
51.652024496788 -0.14990225857042
51.51999806318 -0.1676538436008
51.518294375269 -0.18880926348942
51.515393806532 -0.17572234283505
51.474960176772 -0.20111009589714
51.469511372801 -0.069969158361951
51.418062935027 -0.060631385884983
51.489552877924 -0.1330938573102
51.496423969876 -0.14390630306143
51.531288332324 0.017795056275962
51.536628195871 0.034556255633226
51.502216211037 0.033340112607835
51.506762659668 -0.020568040587805
51.508493863562 0.045191552169371
51.53432785535 -0.012754096692901
51.474284715779 -0.057340582526957
51.494068008984 -0.23595483065011
51.564680211138 -0.35187954635816
51.576366911264 0.045408472505876
51.463232922347 -0.30172474133933
51.607201839663 0.034070640659794
51.501594510808 -0.052951891484305
51.559960227907 -0.40927968814014
51.55689035096 -0.39910148824501
51.587997785049 -0.060173390466137
51.504340322706 -0.055846408737992
51.50453217729 -0.21850475368199
51.492359782932 -0.1564744555002
51.591552612383 0.027957511681624
51.444883338258 -0.20659499856664
51.557339600086 -0.33637769283987
51.503853632869 -0.10578053394541
51.402185984981 -0.19483760810466
51.494449997347 -0.24523190696758
51.6196734807 -0.30308485086488
51.520604250081 0.0042054135552674
51.521995838874 -0.047368111957746
51.499609810342 -0.13386435110426
51.534854431713 -0.17405042505482
51.485735816391 -0.12381555294752
51.538148951165 -0.001065939537146
51.54480853536 -0.0087640154463654
51.551397480891 -0.31632906529511
51.476429418617 -0.032264414494673
51.418170359941 -0.072592854062748
51.69368615157 0.11384001852178
51.42704916499 -0.16867014599257
51.617868422141 -0.185411063095
51.510392650922 -0.074395469530797
51.597453741251 -0.10951215426353
51.558763325208 0.2514152239117
51.549052529247 0.044586916011772
51.663883061474 -0.39615750118974
51.609262750488 -0.1889026706526
51.569587924657 -0.43784571956141
51.421107869794 -0.20664845638008
51.434580976538 -0.19917189150183
